((2014, 7, u'96000'), 26.3)
((1994, 7, u'96550'), 23.071052631578944)
((1983, 8, u'54550'), 23.0)
((1994, 7, u'78140'), 22.970967741935482)
((1994, 7, u'85280'), 22.872580645161293)
((1994, 7, u'75120'), 22.85806451612903)
((1994, 7, u'65450'), 22.856451612903225)
((1994, 7, u'96000'), 22.80806451612903)
((1994, 7, u'95160'), 22.764516129032256)
((1994, 7, u'86200'), 22.711290322580645)
((2002, 8, u'78140'), 22.700000000000003)
((1994, 7, u'76000'), 22.698387096774194)
((1997, 8, u'78140'), 22.666129032258063)
((1994, 7, u'105260'), 22.65967741935484)
((1975, 8, u'54550'), 22.642857142857142)
((2006, 7, u'76530'), 22.598387096774193)
((1994, 7, u'86330'), 22.548387096774192)
((2006, 7, u'75120'), 22.52741935483871)
((1994, 7, u'54300'), 22.469354838709677)
((2006, 7, u'78140'), 22.458064516129035)
((2001, 7, u'96550'), 22.40833333333333)
((2010, 7, u'98180'), 22.379032258064516)
((2006, 7, u'65450'), 22.37741935483871)
((1994, 7, u'85210'), 22.375806451612906)
((1994, 7, u'98180'), 22.367741935483874)
((2014, 7, u'98180'), 22.367741935483874)
((2002, 8, u'98180'), 22.36612903225807)
((1994, 7, u'92100'), 22.31774193548387)
((1994, 7, u'86470'), 22.308064516129033)
((1994, 7, u'83230'), 22.27258064516129)
((1994, 7, u'64290'), 22.259677419354837)
((1994, 7, u'97490'), 22.258064516129032)
((1994, 7, u'94180'), 22.25322580645161)
((1972, 7, u'173960'), 22.244999999999997)
((1994, 7, u'74080'), 22.241935483870968)
((2006, 7, u'54300'), 22.23709677419355)
((2002, 8, u'98210'), 22.23548387096774)
((1994, 7, u'106070'), 22.23225806451613)
((1994, 7, u'75100'), 22.22903225806452)
((1994, 7, u'53440'), 22.197499999999998)
((1994, 7, u'83270'), 22.177419354838708)
((1994, 7, u'103080'), 22.164516129032254)
((1994, 7, u'82110'), 22.16129032258064)
((1994, 7, u'97120'), 22.135483870967743)
((2010, 7, u'98210'), 22.111290322580647)
((1994, 7, u'53430'), 22.096774193548388)
((1997, 8, u'86330'), 22.07903225806452)
((2006, 7, u'66500'), 22.05483870967742)
((1994, 7, u'76530'), 22.033870967741933)
((1997, 8, u'98210'), 21.983870967741936)
((2014, 7, u'98210'), 21.962903225806453)
((1994, 7, u'62400'), 21.951612903225808)
((1997, 8, u'62400'), 21.938709677419357)
((1994, 7, u'108110'), 21.90806451612903)
((1994, 7, u'83130'), 21.899999999999995)
((1997, 8, u'98180'), 21.887096774193548)
((2006, 7, u'98210'), 21.87258064516129)
((1997, 8, u'98290'), 21.864516129032257)
((1991, 8, u'78040'), 21.849999999999998)
((2010, 7, u'78140'), 21.830645161290324)
((1994, 7, u'63340'), 21.7758064516129)
((1994, 7, u'91130'), 21.76290322580645)
((1994, 7, u'105370'), 21.761290322580646)
((2008, 7, u'83420'), 21.75)
((1994, 7, u'64130'), 21.72741935483871)
((1997, 8, u'96550'), 21.725806451612904)
((1994, 7, u'83440'), 21.716129032258067)
((2006, 7, u'85210'), 21.70645161290323)
((1994, 7, u'74420'), 21.690322580645155)
((2003, 7, u'98180'), 21.68548387096774)
((1997, 8, u'52230'), 21.68548387096774)
((1997, 8, u'63340'), 21.68225806451613)
((1997, 8, u'87400'), 21.666129032258066)
((1994, 7, u'98210'), 21.666129032258063)
((1997, 8, u'54300'), 21.661290322580644)
((1994, 7, u'98290'), 21.661290322580644)
((2002, 8, u'97490'), 21.654838709677417)
((2006, 7, u'98180'), 21.651612903225807)
((2002, 8, u'66500'), 21.643548387096775)
((1997, 8, u'85210'), 21.60483870967742)
((2003, 7, u'98210'), 21.603225806451615)
((1994, 7, u'107130'), 21.595161290322583)
((1975, 8, u'53560'), 21.58709677419355)
((1997, 8, u'73090'), 21.567741935483873)
((2006, 7, u'53430'), 21.56451612903226)
((2003, 7, u'97490'), 21.548387096774192)
((1968, 7, u'95230'), 21.53333333333333)
((1994, 7, u'74530'), 21.52258064516129)
((2002, 8, u'87400'), 21.50322580645161)
((1997, 8, u'66500'), 21.49677419354839)
((1994, 7, u'54330'), 21.46935483870968)
((1997, 8, u'96000'), 21.448387096774198)
((1997, 8, u'87150'), 21.440322580645166)
((1994, 7, u'106040'), 21.427419354838708)
((1972, 7, u'98210'), 21.42096774193548)
((1973, 7, u'98210'), 21.419354838709676)
((1994, 7, u'117440'), 21.41774193548387)
((2014, 7, u'108110'), 21.396774193548385)
((1973, 7, u'97150'), 21.387096774193548)
((1994, 7, u'62560'), 21.387096774193548)
((1994, 7, u'95530'), 21.383870967741935)
((1997, 8, u'62560'), 21.37258064516129)